16069.600608382154
230.63226678684092
69.86266336187472
28.29078413699865
25.55689499774673
18.178684091933302
17.113001351960342
16.466538981523207
16.000450653447498
18.04371338440739
17.497521406038757
20.43240198287517
23.842271293375394
24.08855340243353
32.21011716989635
35.944456962595766
41.829652996845425
51.574583145561064
57.57593510590356
71.08190626408292
82.91561514195584
95.1376746282109
114.50619648490311
130.59610184767914
153.27872915727806
178.200540784137
200.69197836863452
233.7183415953132
263.81004957187923
298.5004506534475
336.65232086525464
369.8110635421361
400.15941865705275
420.0426994141505
433.23929698062193
442.25946372239747
447.24808472284815
451.81050022532673
451.74526813880124
449.6252816584047
447.20921586300136
442.82413249211356
443.4638350608382
437.5717665615142
435.9894096439838
437.95301937809825
432.82368183866606
434.8483551149166
430.62438035150967
427.5078864353312
430.4327399729608
423.9384858044164
427.2815457413249
426.1377872915728
424.43386660657956
432.7668995042812
428.0979044614691
432.8845200540784
437.7504506534475
436.1110860748085
444.1764308246958
443.1237043713384
446.7659981973862
452.9889589905363
451.8273997296079
459.38001351960344
460.2380576836413
462.9536953582695
469.54078413699864
469.9423163587201
476.0147589004056
478.61953582694906
482.3522983325822
488.9143758449752
491.9831004957188
498.46056782334387
504.061176205498
508.75112663361875
516.0541910770618
521.6659531320414
528.5875394321766
536.3065570076611
542.2453808021631
551.4237269040108
559.0146462370437
567.8041910770618
576.9449076160432
585.6081568273997
595.2219468228932
606.6056782334385
616.8960117169896
629.2818837314105
641.0067598017125
654.9984227129338
668.9032221721496
683.6107480847229
700.0429247408742
716.6141279855791
734.8000225326724
754.2889815232087
774.6057908968004
796.178120775124
818.651081568274
842.1069175304191
866.163587201442
890.149278954484
915.9680036052276
940.1520955385308
964.9803965750338
988.7992338891393
1012.885759351059
1036.1008337088779
1058.7876295628662
1080.8726904010816
1102.8181613339343
1124.1181838666066
1145.5550923839567
1166.9853537629563
1189.0787516899504
1210.4027715187021
1232.8743803515097
1255.5707525912574
1278.3393420459668
1302.6573907165389
1325.3518476791348
1348.9206849932402
1372.3028391167193
1396.1246056782334
1420.2565344749887
1442.9113339342045
1467.0330103650292
1493.6719242902209
1519.955835962145
1544.8500450653448
1568.385872014421
1591.5936232537179
1617.6584046867958
1639.7987832356916
1656.5740198287517
1667.7747859396125
1674.7487607030193
1686.302163136548
1693.5734565119424
1695.9903109508787
1692.4694682289319
1685.9664263181614
1687.6872465074357
1684.5509238395673
1675.5639927895447
1663.6381252816584
1648.6580666967102
1641.4851284362326
1630.7728706624605
1615.3626633618746
1595.2294952681389
1573.8325822442541
1557.7777151870212
1539.9358945470933
1517.111536728256
1491.8933077963047
1464.0496845425866
1440.1508562415502
1415.2594637223974
1384.7298332582245
1352.7682514646237
1320.0750337990085
1290.1517575484452
1259.7672374943668
1228.0137449301487
1192.509801712483
1156.7294952681389
1124.6273095989184
1090.4949301487156
1054.5684993240197
1016.8935331230284
978.2664488508337
942.4458089229382
906.4625957638576
869.4085173501577
830.9961694456963
790.3326949076161
753.2236367733213
715.5540784136998
677.7594637223975
640.1892744479495
603.6304641730509
568.0945245606129
533.9763406940064
501.65570076611084
469.51622352410993
438.22757999098695
410.6902884182064
384.09328526363225
359.3749436683191
336.4598918431726
315.00946372239747
295.7302839116719
277.7600270392069
261.0127309598918
245.2183415953132
230.4499774673276
217.13181613339341
204.93082469580892
193.00270392068498
182.69333032897703
172.91764308246957
164.09193330328978
155.9723974763407
148.40626408292025
141.13699864803965
134.71518702118072
128.67890941865704
122.78706624605678
117.94355565570076
112.90750337990086
108.47735466426319
104.1893871113114
100.42147363677333
96.74639477242
93.49109959441189
90.31635872014421
87.1292248760703
84.12088778729158
81.58517350157729
78.60725552050474
76.06613339342046
73.90817936007211
72.1479269941415
69.25788643533123
67.50304191077062
65.74391617845876
62.95831455610635
61.338553402433526
58.34373591707977
57.560838215412346
55.508787742226225
54.232875168995044
52.95155475439387
50.800698512843624
49.931838666065794
47.8787742226228
46.54923388913925
44.400292924740874
43.29968454258675
41.123817034700316
38.88373141054529
37.27996845425867
34.86671924290221
25.067034700315457
16.960793150067598
11.369986480396575
8.54202343397927
5.698963497070753
4.193330328977017
3.193555655700766
4.749662009914376
